# ell, ell*(ell+1)*C_11(ell)/2pi, ell*(ell+1)*C_12(ell)/2pi, ell*(ell+1)*C_22(ell)/2pi
1.000000000000000021e-02 7.259215154434779481e-13 7.615027515634028705e-13 8.092026657546227453e-13
1.037609999999999921e-02 7.806861364990122722e-13 8.189524965115545765e-13 8.702501756004881434e-13
1.076620000000000008e-02 8.395812867294802286e-13 8.807339550518958146e-13 9.359014961517614536e-13
1.117109999999999978e-02 9.029454832941060926e-13 9.472036568123953054e-13 1.006534562753193969e-12
1.159119999999999942e-02 9.711023165638966412e-13 1.018701108356410708e-12 1.082511407413943695e-12
1.202710000000000064e-02 1.044420903973408542e-12 1.095613202107665332e-12 1.164240249474053725e-12
1.247939999999999987e-02 1.123291342926502644e-12 1.178350996749488057e-12 1.252160694847328172e-12
1.294859999999999935e-02 1.208130518798809633e-12 1.267349246651186369e-12 1.346733404250248465e-12
1.343560000000000067e-02 1.299415416416900036e-12 1.363107831427638445e-12 1.448488303647300691e-12
1.394079999999999972e-02 1.397608170641018984e-12 1.466113125834741446e-12 1.557949495113850134e-12
1.446509999999999983e-02 1.503261479741239370e-12 1.576946303049599990e-12 1.675723669674126291e-12
1.500899999999999977e-02 1.616918659309365232e-12 1.696174290977383368e-12 1.802420674350258811e-12
1.557339999999999940e-02 1.739210226095983359e-12 1.824462199056419304e-12 1.938742332881971014e-12
1.615909999999999916e-02 1.870798905044007866e-12 1.962499045824452474e-12 2.085426208810874397e-12
1.676679999999999837e-02 2.012382735726418460e-12 2.111023362135150693e-12 2.243251454210604770e-12
1.739730000000000096e-02 2.164723980659572136e-12 2.270830499653278254e-12 2.413071153387393661e-12
1.805150000000000157e-02 2.328646308670324683e-12 2.442788468783693533e-12 2.595798922702226444e-12
1.873029999999999834e-02 2.505044175947927963e-12 2.627833343314012237e-12 2.792433933436167369e-12
1.943469999999999920e-02 2.694880947791022320e-12 2.826973433479598477e-12 3.004050078076609382e-12
2.016549999999999940e-02 2.899162974635667369e-12 3.041268021260883619e-12 3.231768411284269029e-12
2.092379999999999934e-02 3.119015190198017004e-12 3.271901025416746365e-12 3.476844676216635894e-12
2.171069999999999944e-02 3.355647283423752688e-12 3.520127856313651347e-12 3.740617965346460061e-12
2.252710000000000129e-02 3.610319519544483788e-12 3.787265847335203633e-12 4.024496959740157456e-12
2.337420000000000123e-02 3.884434036872408767e-12 4.074825821982951540e-12 4.330052082207122591e-12
2.425319999999999906e-02 4.179505556523836253e-12 4.384343355927410865e-12 4.658962802879199802e-12
2.516530000000000156e-02 4.497108528152979413e-12 4.717558245002434186e-12 5.013024097572498667e-12
2.611159999999999870e-02 4.839004867098698357e-12 5.076185485821461334e-12 5.394174675648077934e-12
2.709349999999999953e-02 5.207094222695608296e-12 5.462331347542677209e-12 5.804463360286666235e-12
2.811239999999999919e-02 5.603362589311810638e-12 5.878029108380382095e-12 6.246213804180891985e-12
2.916960000000000039e-02 6.030003400760890950e-12 6.325564634276783115e-12 6.721796336434447383e-12
3.026649999999999827e-02 6.489384440164892093e-12 6.807454055847305776e-12 7.233862877495504630e-12
3.140470000000000067e-02 6.984032508534450821e-12 7.326388054086262059e-12 7.785250681846642348e-12
3.258559999999999929e-02 7.516654004101366023e-12 7.885088559847662589e-12 8.378994360377908648e-12
3.381100000000000078e-02 8.090294695248556765e-12 8.486834681549117247e-12 9.018447491466087863e-12
3.508250000000000257e-02 8.708053068785165467e-12 9.134864587192434958e-12 9.707086773211442197e-12
3.640170000000000211e-02 9.373355188056530192e-12 9.832812191534945057e-12 1.044874396645413015e-11
3.777060000000000139e-02 1.009003835739773021e-11 1.058455878561024368e-11 1.124757923610129775e-11
3.919099999999999667e-02 1.086196727465709249e-11 1.139438996071837358e-11 1.210811119230113366e-11
4.066480000000000095e-02 1.169356375370159876e-11 1.226672813976533944e-11 1.303514558754456489e-11
4.219400000000000234e-02 1.258946011678541759e-11 1.320660835457360183e-11 1.403378855670770462e-11
4.378069999999999878e-02 1.355471624704006149e-11 1.421917524351997461e-11 1.510982376266325638e-11
4.542709999999999804e-02 1.459485977763060857e-11 1.531018515081736293e-11 1.626919279399081242e-11
4.713529999999999803e-02 1.571554592242449732e-11 1.648592660252655560e-11 1.751852107993468304e-11
4.890789999999999721e-02 1.692339993635329819e-11 1.775292633510158645e-11 1.886494892869919662e-11
5.074710000000000332e-02 1.822522273976924413e-11 1.911851367389795631e-11 2.031604629516816293e-11
5.265539999999999804e-02 1.962832271169540536e-11 2.059041063671967633e-11 2.188013422592331007e-11
5.463549999999999657e-02 2.114078560864583264e-11 2.217706266556602081e-11 2.356613245151028405e-11
5.669010000000000021e-02 2.277137887054700364e-11 2.388761919400651413e-11 2.538388462246343745e-11
5.882190000000000335e-02 2.452941010008982366e-11 2.573179329136958447e-11 2.734356169122192424e-11
6.103390000000000204e-02 2.642509236091601677e-11 2.772033796892122845e-11 2.945671122889287827e-11
6.332909999999999928e-02 2.846938457012487275e-11 2.986490270956228265e-11 3.173552505851708956e-11
6.571059999999999401e-02 3.067420123300002580e-11 3.217771288965588054e-11 3.419324326763696092e-11
6.818159999999999499e-02 3.305226450945905278e-11 3.467238150542502829e-11 3.684412880716492634e-11
7.074560000000000570e-02 3.561761776216326294e-11 3.736345767447463760e-11 3.970390310073668537e-11
7.340599999999999903e-02 3.838541760398651988e-11 4.026687253181063388e-11 4.278914827421724349e-11
7.616639999999999522e-02 4.137180081593663690e-11 4.339960388872603313e-11 4.611816978127995425e-11
7.903069999999999540e-02 4.459453446001907973e-11 4.678033480721318134e-11 4.971056948563110173e-11
8.200259999999999494e-02 4.807272937984727003e-11 5.042901697959620908e-11 5.358782060651601965e-11
8.508630000000000360e-02 5.182709877609567833e-11 5.436756792246664260e-11 5.777308084607666713e-11
8.828600000000000336e-02 5.588036220270712391e-11 5.861940674687397003e-11 6.229124337006145081e-11
9.160600000000000687e-02 6.025671996822670075e-11 6.321024826538065466e-11 6.716961225808439143e-11
9.505080000000000473e-02 6.498249432043251160e-11 6.816758426666599162e-11 7.243756286208464770e-11
9.862519999999999620e-02 7.008639552124732689e-11 7.352190001430817601e-11 7.812711773778927403e-11
1.023339999999999944e-01 7.518495093172174717e-11 7.888933205695030010e-11 8.385567678074580146e-11
1.061819999999999986e-01 8.039736557169866748e-11 8.439148313911112729e-11 8.974669637292488535e-11
1.101749999999999952e-01 8.598155952094977914e-11 9.028820034996508628e-11 9.606341679775234066e-11
1.143180000000000029e-01 9.195488633384905427e-11 9.659889639294461853e-11 1.028275385406584921e-10
1.186170000000000002e-01 9.834428455055119923e-11 1.033527909875794300e-10 1.100716272991065997e-10
1.230780000000000068e-01 1.051915852443504628e-10 1.105937535013461344e-10 1.178414499187887780e-10
1.277059999999999862e-01 1.125235326712845317e-10 1.183508840330676599e-10 1.261702709000921663e-10
1.325089999999999879e-01 1.203725237623988605e-10 1.266592718009907863e-10 1.350970134128506568e-10
1.374920000000000031e-01 1.287860961643933293e-10 1.355694472004895819e-10 1.446748986995148233e-10
1.426620000000000110e-01 1.378021684217210162e-10 1.451216462543748330e-10 1.549484058740259401e-10
1.480269999999999919e-01 1.474509280781253329e-10 1.553504375116038923e-10 1.659581260787634710e-10
1.535930000000000073e-01 1.577986365527942325e-10 1.663248095412242791e-10 1.777764172437926916e-10
1.593690000000000107e-01 1.688968431235527365e-10 1.781005387791226836e-10 1.904645679132027826e-10
1.653620000000000090e-01 1.807723442084126489e-10 1.907091844224046142e-10 2.040608454315626993e-10
1.715810000000000113e-01 1.935158363862515682e-10 2.042454938357203945e-10 2.186652806653417388e-10
1.780329999999999968e-01 2.071914062434573825e-10 2.187783859539037367e-10 2.343531986548926638e-10
1.847280000000000033e-01 2.218024726607353083e-10 2.343174114515106016e-10 2.511441350263384523e-10
1.916750000000000120e-01 2.374831619140892219e-10 2.510018508720147655e-10 2.691828461704731834e-10
1.988830000000000042e-01 2.543186928774031951e-10 2.689235519785237246e-10 2.885698690944648664e-10
2.063619999999999899e-01 2.723184157541924368e-10 2.880999317011232095e-10 3.093349081560390623e-10
2.141220000000000068e-01 2.916293388255577596e-10 3.086847531788862451e-10 3.316394930665239743e-10
2.221740000000000104e-01 3.123717569167634283e-10 3.308060519520443994e-10 3.556229450597198514e-10
2.305290000000000117e-01 3.344633158799554418e-10 3.543915987932001964e-10 3.812279618345726513e-10
2.391979999999999940e-01 3.580951925952480607e-10 3.796417513725401014e-10 4.086666025706855392e-10
2.481929999999999970e-01 3.834779145878961584e-10 4.067770159292392476e-10 4.381729925690171484e-10
2.575259999999999772e-01 4.107275541837177024e-10 4.359272901294944400e-10 4.698947735221666551e-10
2.672109999999999763e-01 4.399943910307228376e-10 4.672556025484101267e-10 5.040131036411328949e-10
2.772589999999999777e-01 4.714516956763850317e-10 5.009458189064497594e-10 5.407282227679229165e-10
2.876850000000000240e-01 5.052201658938657934e-10 5.371373910777707640e-10 5.802019142491531371e-10
2.985039999999999916e-01 5.414559625646664625e-10 5.760016508725628274e-10 6.226292925280215202e-10
3.097289999999999766e-01 5.804287748116809111e-10 6.178255792185375388e-10 6.683234998490693198e-10
3.213759999999999950e-01 6.223263974210907849e-10 6.628174723946161075e-10 7.174915753821529517e-10
3.334619999999999806e-01 6.673303199529450956e-10 7.111784953217721569e-10 7.703419334152524194e-10
3.460019999999999762e-01 7.157702364064181926e-10 7.632665793417314857e-10 8.273001795255937233e-10
3.590130000000000265e-01 7.678430843854208301e-10 8.193008859059848342e-10 8.886365597371703124e-10
3.725140000000000118e-01 8.234118444655082535e-10 8.791685196140176723e-10 9.544302663227981014e-10
3.865219999999999767e-01 8.832417832403903119e-10 9.436644191380545053e-10 1.025368037046542009e-09
4.010569999999999968e-01 9.476692186907696859e-10 1.013167570624289192e-09 1.101881886733043209e-09
4.161389999999999811e-01 1.016636435820774985e-09 1.087655515392656146e-09 1.183885805462320715e-09
4.317880000000000051e-01 1.090935650488684469e-09 1.167948776527024738e-09 1.272364682176554040e-09
4.480250000000000066e-01 1.170991169275391796e-09 1.254532356202649530e-09 1.367830767295567045e-09
4.648729999999999807e-01 1.256735575265618428e-09 1.347559119922820591e-09 1.470550239823766986e-09
4.823549999999999782e-01 1.349066538459629711e-09 1.447855608037927679e-09 1.581398947687889996e-09
5.004939999999999944e-01 1.448624713855851554e-09 1.556088284831742221e-09 1.701106136755942499e-09
5.193149999999999711e-01 1.555481899813197880e-09 1.672014329217141331e-09 1.829534026894195864e-09
5.388439999999999896e-01 1.670552099416100891e-09 1.796795346112110713e-09 1.967935051647742750e-09
5.591070000000000206e-01 1.794696391518978294e-09 1.931476785179967703e-09 2.117467043565120499e-09
5.801319999999999810e-01 1.927783197721597924e-09 2.076231330591899329e-09 2.278397991740180646e-09
6.019480000000000386e-01 2.070774573357608580e-09 2.232073039706491941e-09 2.451874812784389467e-09
6.245840000000000281e-01 2.225080063805380086e-09 2.400380495593330625e-09 2.639405985311751024e-09
6.480719999999999814e-01 2.391041402425571569e-09 2.581581524847800176e-09 2.841561954174730155e-09
6.724430000000000129e-01 2.569426395937204791e-09 2.776588546980570503e-09 3.059463148249738217e-09
6.977299999999999613e-01 2.762031313755970806e-09 2.987303571822727008e-09 3.295151149190879733e-09
7.239679999999999449e-01 2.969502870286266011e-09 3.214526436286769196e-09 3.549593928082186169e-09
7.511929999999999996e-01 3.192409244842830708e-09 3.458973741861055681e-09 3.823793594244229553e-09
7.794419999999999682e-01 3.433222456220601088e-09 3.723279313899111462e-09 4.120573326417971405e-09
8.087520000000000264e-01 3.692941849971328306e-09 4.008618300253519726e-09 4.441355093630250761e-09
8.391659999999999675e-01 3.971635792134397926e-09 4.315278122360698931e-09 4.786748521671892348e-09
8.707219999999999960e-01 4.272783695945698454e-09 4.646924799714656806e-09 5.160720707114668291e-09
9.034659999999999913e-01 4.598101939308455120e-09 5.005561260430172030e-09 5.565554389344682280e-09
9.374409999999999688e-01 4.946620131198307174e-09 5.390418612284101161e-09 6.000948653254143033e-09
9.726930000000000298e-01 5.323352228869412882e-09 5.806846360044142472e-09 6.472566961703939347e-09
1.009269999999999889e+00 5.730710719901094279e-09 6.257534992852312828e-09 6.983624906996991175e-09
1.047230000000000105e+00 6.166891409878973411e-09 6.741020732485380057e-09 7.533118562925478850e-09
1.086610000000000076e+00 6.638144626447103490e-09 7.263906720259280861e-09 8.128195279678891566e-09
1.127469999999999972e+00 7.147814723333514590e-09 7.830055111941849998e-09 8.773265524417154541e-09
1.169869999999999965e+00 7.694318291239444112e-09 8.438180366536771075e-09 9.467717476291374187e-09
1.213859999999999939e+00 8.284028804698244444e-09 9.095203943632545006e-09 1.021919859992240301e-08
1.259509999999999907e+00 8.922052341455721968e-09 9.806815851190044661e-09 1.103417950363095137e-08
1.306869999999999976e+00 9.606800241196064898e-09 1.057195215986301122e-08 1.191236896323760002e-08
1.356020000000000003e+00 1.034476808851122049e-08 1.139770743732537363e-08 1.286184634736513969e-08
1.407010000000000094e+00 1.114302016601564427e-08 1.229191571599640886e-08 1.389152975478501591e-08
1.459920000000000107e+00 1.200133310053053350e-08 1.325507405313892694e-08 1.500288096400339321e-08
1.514820000000000055e+00 1.292475448255988717e-08 1.429305389600811072e-08 1.620308298240740649e-08
1.571779999999999955e+00 1.392371539008523591e-08 1.541724691023914202e-08 1.750490996554795860e-08
1.630889999999999951e+00 1.499895160959479413e-08 1.662940752916666508e-08 1.891147219327508916e-08
1.692220000000000057e+00 1.615288327717381200e-08 1.793274360946176847e-08 2.042760792336424755e-08
1.755859999999999976e+00 1.740113562111483234e-08 1.934449565485347005e-08 2.207231575452148300e-08
1.821890000000000009e+00 1.874676820551337843e-08 2.086871809802605351e-08 2.385170522953579015e-08
1.890400000000000080e+00 2.018763809810497285e-08 2.250449180923743905e-08 2.576654043765459568e-08
1.961489999999999956e+00 2.174610668829933923e-08 2.427605677449839564e-08 2.784378101445533264e-08
2.035250000000000004e+00 2.342855320543072269e-08 2.619167799785279511e-08 3.009411000969511927e-08
2.111779999999999990e+00 2.522502381387731155e-08 2.824214947563658162e-08 3.251065854501334690e-08
2.191199999999999815e+00 2.716767162783681139e-08 3.046263489892664113e-08 3.513191848057439324e-08
2.273600000000000065e+00 2.926817473803464356e-08 3.286700918659655930e-08 3.797557488320567314e-08
2.359100000000000197e+00 3.150327975977479654e-08 3.543297606161462845e-08 4.102117118780756506e-08
2.447810000000000041e+00 3.391838942219603658e-08 3.820978382677446324e-08 4.432336535747612032e-08
2.539860000000000007e+00 3.652915216490789610e-08 4.121585137385647257e-08 4.790498299296675029e-08
2.635369999999999990e+00 3.931185918551622929e-08 4.442921059668655067e-08 5.174683556535479797e-08
2.734469999999999956e+00 4.231131250439176940e-08 4.789894895843957199e-08 5.590431897532667268e-08
2.837299999999999933e+00 4.555195674196442852e-08 5.165335681135494049e-08 6.041202222578262648e-08
2.943999999999999950e+00 4.900464501815136391e-08 5.566546696630846626e-08 6.524645061751678901e-08
3.054710000000000036e+00 5.271300999982445256e-08 5.998351169319301279e-08 7.046386044130698114e-08
3.169579999999999842e+00 5.671591217546987778e-08 6.465295118223938765e-08 7.611753971021019561e-08
3.288769999999999971e+00 6.099132051708614142e-08 6.965328004329119715e-08 8.219231164167498629e-08
3.412450000000000205e+00 6.557014256688199774e-08 7.502169464859472385e-08 8.873435341298830643e-08
3.540770000000000195e+00 7.050952166238521447e-08 8.082302654571832409e-08 9.581951003889831029e-08
3.673919999999999852e+00 7.578460146801175808e-08 8.703586817495937704e-08 1.034335460980776860e-07
3.812079999999999913e+00 8.140476044454406286e-08 9.367472665012262433e-08 1.116001409097678983e-07
3.955439999999999845e+00 8.746168767582086282e-08 1.008428457857235961e-07 1.204388458750519543e-07
4.104180000000000383e+00 9.394428110404896898e-08 1.085344308896709801e-07 1.299530548362885293e-07
4.258519999999999861e+00 1.008284233181543965e-07 1.167293798453965963e-07 1.401315676183827738e-07
4.418660000000000032e+00 1.082397323229611979e-07 1.255691861983215587e-07 1.511388571244513994e-07
4.584819999999999673e+00 1.161818147647951550e-07 1.350647777591217374e-07 1.629992232091412269e-07
4.757240000000000357e+00 1.245561361906621243e-07 1.451181009640764181e-07 1.756190824807995240e-07
4.936130000000000351e+00 1.335597371035395192e-07 1.559491048590552522e-07 1.892524149928741793e-07
5.121760000000000090e+00 1.432284619303434768e-07 1.676069570602575561e-07 2.039678570590537618e-07
5.314359999999999751e+00 1.533814287687375689e-07 1.799013465482733377e-07 2.195717382984371878e-07
5.514210000000000278e+00 1.642842906842205725e-07 1.931326448293834991e-07 2.364128939437403099e-07
5.721569999999999823e+00 1.759929532995659284e-07 2.073741420134875441e-07 2.545903752606229215e-07
5.936729999999999841e+00 1.882344436873596751e-07 2.223354895642364782e-07 2.738033003722018245e-07
6.159980000000000011e+00 2.013307331788672880e-07 2.383821921063920283e-07 2.944777766179825391e-07
6.391619999999999635e+00 2.153727382895780999e-07 2.556281934945285161e-07 3.167644225762645048e-07
6.631980000000000430e+00 2.300838505355578057e-07 2.737784991112749980e-07 3.403552201560330344e-07
6.881380000000000052e+00 2.457376370702196997e-07 2.931500137487694445e-07 3.656315292249293478e-07
7.140150000000000219e+00 2.624945152072901214e-07 3.139396142280968076e-07 3.928444853284634747e-07
7.408660000000000245e+00 2.800481966003756729e-07 3.358153184436017509e-07 4.216452874476651945e-07
7.687260000000000204e+00 2.985977656300022803e-07 3.590158278685575347e-07 4.523346046219246239e-07
7.976340000000000430e+00 3.184191824312888074e-07 3.838722422800921324e-07 4.853262513063400251e-07
8.276289999999999480e+00 3.392220133099533760e-07 4.100729849252347250e-07 5.202918526252405500e-07
8.587519999999999598e+00 3.610543032054778173e-07 4.376874029095554628e-07 5.573504558998152833e-07
8.910450000000000870e+00 3.843393878478752808e-07 4.672197492863667651e-07 5.971234125682904765e-07
9.245530000000000470e+00 4.088115991860805350e-07 4.983826883762939135e-07 6.393117080590562757e-07
9.593209999999999127e+00 4.342645091476826000e-07 5.309562478520200416e-07 6.836982383804349769e-07
9.953960000000000363e+00 4.613567795377180205e-07 5.657224863367532786e-07 7.312523523921824439e-07
1.032830000000000048e+01 4.899082543692438336e-07 6.025029093912757719e-07 7.818033567262032445e-07
1.071669999999999945e+01 5.193590800646897701e-07 6.406571083567669012e-07 8.346376298360336321e-07
1.111969999999999992e+01 5.506383659759220442e-07 6.812986444110919799e-07 8.911396907552647739e-07
1.153780000000000072e+01 5.836848421490845595e-07 7.243815275856863435e-07 9.513021590596000953e-07
1.197170000000000023e+01 6.173758535863801356e-07 7.685790698545962385e-07 1.013546223804740569e-06
1.242190000000000083e+01 6.530734182728431511e-07 8.155510242564626002e-07 1.079963552646391552e-06
1.288899999999999935e+01 6.908967051519468427e-07 8.654678217443304840e-07 1.150835412779275586e-06
1.337369999999999948e+01 7.292055655958847224e-07 9.163691534778124939e-07 1.223774393820436119e-06
1.387659999999999982e+01 7.696609712762163850e-07 9.702991017607896088e-07 1.301383065422512976e-06
1.439850000000000030e+01 8.124428178348562555e-07 1.027499965364566039e-06 1.384051271588939851e-06
1.493989999999999974e+01 8.556811267847741775e-07 1.085662058777072945e-06 1.468839801381423683e-06
1.550179999999999936e+01 9.009267486268003215e-07 1.146743968927084341e-06 1.558344706578515603e-06
1.608470000000000155e+01 9.486237621416556941e-07 1.211338009661561184e-06 1.653405421300403616e-06
1.668959999999999866e+01 9.971398142354255625e-07 1.277397876748428533e-06 1.751381476344986577e-06
1.731719999999999970e+01 1.047444541491799845e-06 1.346170621765720503e-06 1.853977696674678408e-06
1.796839999999999904e+01 1.100361153743064406e-06 1.418747141210628587e-06 1.962722082588534715e-06
1.864410000000000167e+01 1.154222639294418871e-06 1.492939716605918880e-06 2.074661771391461083e-06
1.934519999999999840e+01 1.209400421746320897e-06 1.569257651914045919e-06 2.190545071140572051e-06
2.007270000000000110e+01 1.267304843609423071e-06 1.649589958346234084e-06 2.313051813603814148e-06
2.082750000000000057e+01 1.326613934184757442e-06 1.732193091542647996e-06 2.439755252925982995e-06
2.161070000000000135e+01 1.386889931544048218e-06 1.816466831545338610e-06 2.569832323305087701e-06
2.242340000000000089e+01 1.450001224611121441e-06 1.904957823285507249e-06 2.707010570607717441e-06
2.326660000000000039e+01 1.514889365613963316e-06 1.996237520241262714e-06 2.849215888076715567e-06
2.414160000000000039e+01 1.580045058553433629e-06 2.088173020678393915e-06 2.993261161271462869e-06
2.504939999999999856e+01 1.648080525933316299e-06 2.184445344754816842e-06 3.144734339313410118e-06
2.599139999999999873e+01 1.718481557850564919e-06 2.284334075671310384e-06 3.302564908218576128e-06
2.696880000000000166e+01 1.788657888050422011e-06 2.384156894975092144e-06 3.461001092538841835e-06
2.798300000000000054e+01 1.861805983946120880e-06 2.488487629575080201e-06 3.627215293751004897e-06
2.903529999999999944e+01 1.937862445820421863e-06 2.597242839703709424e-06 3.801191186815170242e-06
3.012709999999999866e+01 2.012913158223250685e-06 2.704719596444059622e-06 3.973588602134867450e-06
3.126010000000000133e+01 2.090983569492799087e-06 2.816766520025612548e-06 4.154024013888790959e-06
3.243560000000000088e+01 2.172153962008965213e-06 2.933579830769700169e-06 4.342806268067842710e-06
3.365529999999999688e+01 2.252613176043228941e-06 3.049513767282985927e-06 4.530453184220042724e-06
3.492099999999999937e+01 2.335729379859277538e-06 3.169520583076875565e-06 4.725342546173020307e-06
3.623420000000000130e+01 2.421980736239874922e-06 3.294361899872603734e-06 4.928756028332503083e-06
3.759669999999999845e+01 2.507874887161757686e-06 3.418861496524543447e-06 5.131918177038557068e-06
3.901059999999999661e+01 2.595812599505692917e-06 3.546546508384412763e-06 5.340848092788415022e-06
4.047760000000000247e+01 2.686904158111781351e-06 3.679125450968076764e-06 5.558448639753495892e-06
4.199969999999999715e+01 2.778230036250621844e-06 3.812295995332653014e-06 5.777453324530999703e-06
4.357909999999999684e+01 2.870962340656710883e-06 3.947745593513088538e-06 6.000725425107024520e-06
4.521790000000000020e+01 2.966878361329020299e-06 4.088160596229433153e-06 6.232823415237467999e-06
4.691830000000000211e+01 3.063484531107681901e-06 4.229853897678469886e-06 6.467691787357261442e-06
4.868269999999999698e+01 3.160658087620815199e-06 4.372680280964645285e-06 6.704992000655168084e-06
5.051339999999999719e+01 3.260998747114739929e-06 4.520418524476522758e-06 6.951129134058578518e-06
5.241299999999999670e+01 3.362654114493105947e-06 4.670403681120677959e-06 7.201763278295948450e-06
5.438400000000000034e+01 3.464061349404524599e-06 4.820357712066812647e-06 7.452990647587524181e-06
5.642909999999999826e+01 3.568611115480153542e-06 4.975206114174355140e-06 7.713171197710518899e-06
5.855109999999999815e+01 3.675092349655962921e-06 5.133199218286717009e-06 7.979407444064816338e-06
6.075289999999999679e+01 3.780390900615649242e-06 5.289653731375124128e-06 8.243812393580132142e-06
6.303750000000000142e+01 3.888786591995701733e-06 5.450993205998515269e-06 8.517237116022346338e-06
6.540810000000000457e+01 3.999828694720879590e-06 5.616525818139526428e-06 8.798438223370309003e-06
6.786769999999999925e+01 4.108760638222942557e-06 5.778949108618625963e-06 9.075102794835901576e-06
7.041989999999999839e+01 4.220762326884276375e-06 5.946206585009374523e-06 9.360634556370422960e-06
7.306799999999999784e+01 4.335889840777495624e-06 6.118412281830645105e-06 9.655437557369307735e-06
7.581579999999999586e+01 4.448788814073771435e-06 6.286913747077435646e-06 9.944004699078820014e-06
7.866679999999999495e+01 4.564478215957908234e-06 6.459803393212882561e-06 1.024066881156474619e-05
8.162510000000000332e+01 4.683257495256949339e-06 6.637571068409414500e-06 1.054648802888732878e-05
8.469459999999999411e+01 4.800587586486714350e-06 6.812504961065387654e-06 1.084708238077648263e-05
8.787949999999999307e+01 4.919940650969134411e-06 6.990500776108725663e-06 1.115333814566781284e-05
9.118429999999999325e+01 5.042357924423579619e-06 7.173288572494825684e-06 1.146844816842291634e-05
9.461320000000000618e+01 5.164731263484681869e-06 7.355036199100351817e-06 1.178068172298801322e-05
9.817119999999999891e+01 5.288731712160343887e-06 7.538875394852539760e-06 1.209621511627869809e-05
1.018629999999999995e+02 5.415796348921030358e-06 7.727410844090540058e-06 1.242037949175255315e-05
1.056929999999999978e+02 5.543602375647019241e-06 7.916001442039394696e-06 1.274325007117781876e-05
1.096680000000000064e+02 5.672729192527336384e-06 8.105703533196782019e-06 1.306684254084919005e-05
1.137920000000000016e+02 5.804878289661368848e-06 8.299968496343823601e-06 1.339871153883040512e-05
1.180709999999999980e+02 5.939194692441649378e-06 8.496358839693119396e-06 1.373243128369245123e-05
1.225109999999999957e+02 6.075378609488539071e-06 8.693864526426824306e-06 1.406533690151649418e-05
1.271179999999999950e+02 6.214742230944440954e-06 8.896051054501039418e-06 1.440649125679566685e-05
1.318990000000000009e+02 6.357016617321450598e-06 9.101631012847010579e-06 1.475186297205135740e-05
1.368590000000000089e+02 6.501545515046126414e-06 9.308156849638654103e-06 1.509455187632906107e-05
1.420049999999999955e+02 6.649378580828057754e-06 9.519418622714822826e-06 1.544524330244244142e-05
1.473449999999999989e+02 6.800829397217739118e-06 9.735259923546479594e-06 1.580255126501962728e-05
1.528859999999999957e+02 6.956571771044748546e-06 9.954108910881577960e-06 1.615834764989002950e-05
1.586359999999999957e+02 7.115947586874962543e-06 1.017807620352600765e-05 1.652247620094982278e-05
1.646009999999999991e+02 7.279035961790176287e-06 1.040696465639126925e-05 1.689448511863224424e-05
1.707909999999999968e+02 7.448345645727335962e-06 1.064104079725251569e-05 1.726659185799683707e-05
1.772139999999999986e+02 7.621632027454704475e-06 1.088047019951713505e-05 1.764710581603341451e-05
1.838779999999999859e+02 7.799032777592225946e-06 1.112533673212192517e-05 1.803602414577812132e-05
1.907920000000000016e+02 7.984509371961150058e-06 1.137818792865641158e-05 1.842965700413186039e-05
1.979670000000000130e+02 8.175134176031409011e-06 1.163734333868266518e-05 1.883170214081534479e-05
2.054120000000000061e+02 8.370331192231762402e-06 1.190248409125616814e-05 1.924265182024534790e-05
2.131359999999999957e+02 8.575188124990771246e-06 1.217827365914845713e-05 1.966344905253891552e-05
2.211510000000000105e+02 8.786802827133899469e-06 1.246217538790691781e-05 2.009386112451215341e-05
2.294679999999999893e+02 9.003741354301637495e-06 1.275280323407675281e-05 2.053398781491214467e-05
2.380970000000000084e+02 9.230843352590550015e-06 1.305542653885248604e-05 2.098709671064587397e-05
2.470500000000000114e+02 9.466665605040051944e-06 1.336852417009641967e-05 2.145231231558717371e-05
2.563410000000000082e+02 9.708692104109502779e-06 1.368941261659527505e-05 2.192827874125460671e-05
2.659800000000000182e+02 9.961615100093728199e-06 1.402373275880490461e-05 2.242063544392891651e-05
2.759830000000000041e+02 1.022650881242281305e-05 1.437292607697677743e-05 2.293100848088388034e-05
2.863609999999999900e+02 1.049841825715467307e-05 1.473077352409140306e-05 2.345291276284634249e-05
2.971299999999999955e+02 1.078098131861953936e-05 1.510215156016229707e-05 2.399251251603636177e-05
3.083029999999999973e+02 1.107747091183431503e-05 1.549147940220832803e-05 2.455510200465835279e-05
3.198969999999999914e+02 1.138223188225175628e-05 1.589112996615588355e-05 2.513094171514152400e-05
3.319270000000000209e+02 1.169773941222688631e-05 1.630451410831936727e-05 2.572551170246825157e-05
3.444089999999999918e+02 1.203065168215521511e-05 1.674146727662350012e-05 2.635205365077286153e-05
3.573600000000000136e+02 1.237308316431030425e-05 1.719017213582430833e-05 2.699425396208264894e-05
3.707989999999999782e+02 1.272606531889401594e-05 1.765224593128502406e-05 2.765400703219846230e-05
3.847429999999999950e+02 1.309732579420292212e-05 1.814063120931129608e-05 2.835285580816872879e-05
3.992110000000000127e+02 1.347946742987815186e-05 1.864256543084003665e-05 2.906925276141418104e-05
4.142230000000000132e+02 1.387276159984848784e-05 1.915843134176858616e-05 2.980409080442361294e-05
4.298000000000000114e+02 1.428558314112356581e-05 1.970371404098737617e-05 3.058506308251196466e-05
4.459630000000000223e+02 1.471120453102235605e-05 2.026550732557582949e-05 3.138823017894089480e-05
4.627330000000000041e+02 1.514950334313485391e-05 2.084325463680694051e-05 3.221255410485598193e-05
4.801340000000000146e+02 1.560449067352693051e-05 2.144744730147826975e-05 3.308096873501003090e-05
4.981899999999999977e+02 1.607406674349265907e-05 2.207161713121413515e-05 3.397833470344854948e-05
5.169239999999999782e+02 1.655778538339880611e-05 2.271392659478959567e-05 3.489999781108610197e-05
5.363630000000000564e+02 1.705714388648923679e-05 2.338159410316144722e-05 3.586540157832869211e-05
5.565330000000000155e+02 1.757207187742586298e-05 2.407217153446949932e-05 3.686673806624390692e-05
5.774619999999999891e+02 1.810269131990311148e-05 2.478323759094592694e-05 3.789616016515636994e-05
5.991770000000000209e+02 1.864691654705224089e-05 2.551695065010554215e-05 3.896598362107854611e-05
6.217089999999999463e+02 1.920547491641083409e-05 2.627398336190672889e-05 4.007617973587148421e-05
6.450879999999999654e+02 1.978081741554012216e-05 2.705352013120591764e-05 4.121810681838043901e-05
6.693469999999999800e+02 2.036955544127246870e-05 2.785503142959676234e-05 4.239908254231347748e-05
6.945180000000000291e+02 2.096987674429399168e-05 2.867845639027425523e-05 4.362334332450094844e-05
7.206349999999999909e+02 2.158782793844976150e-05 2.952618349347060943e-05 4.488287450246034315e-05
7.477350000000000136e+02 2.221944542128511695e-05 3.039569451419490948e-05 4.618024540521379099e-05
7.758529999999999518e+02 2.285639787324224596e-05 3.128142709392097380e-05 4.751832359627743379e-05
8.050289999999999964e+02 2.351181872046261305e-05 3.219306432385845646e-05 4.889533803472439675e-05
8.353020000000000209e+02 2.418254604334444465e-05 3.312831364609736034e-05 5.031129851812472272e-05
8.667140000000000555e+02 2.485039907455582550e-05 3.407114960971440078e-05 5.176157054077042510e-05
8.993070000000000164e+02 2.553673723538602794e-05 3.504081978302545617e-05 5.325365984970922839e-05
9.331250000000000000e+02 2.624197716365440995e-05 3.603799607588858734e-05 5.478864697864704593e-05
9.682150000000000318e+02 2.693151474691304933e-05 3.702803242041276813e-05 5.634257723524562221e-05
1.004629999999999995e+03 2.763966611703588334e-05 3.804580416343767546e-05 5.794124414973945395e-05
1.042400000000000091e+03 2.836574663091755025e-05 3.909053516706981896e-05 5.958371646394919888e-05
1.081599999999999909e+03 2.907342083198228297e-05 4.012369125896836228e-05 6.123763743142496870e-05
1.122279999999999973e+03 2.979327789686963022e-05 4.117838136406606355e-05 6.293236574032429729e-05
1.164480000000000018e+03 3.053053174652369922e-05 4.226006724453901009e-05 6.467325843869147688e-05
1.208269999999999982e+03 3.124523985186970559e-05 4.332270801211370243e-05 6.641235471380014881e-05
1.253710000000000036e+03 3.196163802204449970e-05 4.439514182177500416e-05 6.818035472662161269e-05
1.300849999999999909e+03 3.269407851293516256e-05 4.549328466581027176e-05 6.999470686811743261e-05
1.349769999999999982e+03 3.340591778168248982e-05 4.657438937163873704e-05 7.180721332985528517e-05
1.400529999999999973e+03 3.410845233133396860e-05 4.765111459457873483e-05 7.363209515104359511e-05
1.453200000000000045e+03 3.482561492254040411e-05 4.875249756016223729e-05 7.550409913748553443e-05
1.507849999999999909e+03 3.552155901901828512e-05 4.983425640557952559e-05 7.736735084611413046e-05
1.564549999999999955e+03 3.618942754756236506e-05 5.088738671963758439e-05 7.921134741192183289e-05
1.623380000000000109e+03 3.686975202218385994e-05 5.196215903702563614e-05 8.109867298963460312e-05
1.684430000000000064e+03 3.753648884944322628e-05 5.302648239003728161e-05 8.298793375027460747e-05
1.747769999999999982e+03 3.816059232689220657e-05 5.404202572371630411e-05 8.482985460962231075e-05
1.813500000000000000e+03 3.879541437883664057e-05 5.507749116436473543e-05 8.671351775793288978e-05
1.881690000000000055e+03 3.942108445912894792e-05 5.610674316978550487e-05 8.860282961076333620e-05
1.952460000000000036e+03 3.997880835019255091e-05 5.705145590865730239e-05 9.039153195129716171e-05
2.025880000000000109e+03 4.054394226932435581e-05 5.801141096023809321e-05 9.221557722514444287e-05
2.102059999999999945e+03 4.111092503338564921e-05 5.897918331154575807e-05 9.406446109552920286e-05
2.181110000000000127e+03 4.159595431512803064e-05 5.984067500229872828e-05 9.577571271844425010e-05
2.263130000000000109e+03 4.208659722956562357e-05 6.071463118930908666e-05 9.751743687481466665e-05
2.348230000000000018e+03 4.258289700938992295e-05 6.160115870794950115e-05 9.929026407595127114e-05
2.436539999999999964e+03 4.298152732409727799e-05 6.235578784060794618e-05 1.008805688465876825e-04
2.528170000000000073e+03 4.337609774099708516e-05 6.310870516624220454e-05 1.024808037574346403e-04
2.623239999999999782e+03 4.377403077106800362e-05 6.387041236505194592e-05 1.041050284063482171e-04
2.721880000000000109e+03 4.409135235975453513e-05 6.452015571167616368e-05 1.055671986921341712e-04
2.824239999999999782e+03 4.438961868961302791e-05 6.514560630636854230e-05 1.070019844107069495e-04
2.930449999999999818e+03 4.468989602182861796e-05 6.577727931668390828e-05 1.084562749423616089e-04
3.040650000000000091e+03 4.491551340227025412e-05 6.630205171982197761e-05 1.097497273040099819e-04
3.154989999999999782e+03 4.510284035158350905e-05 6.677283683166706206e-05 1.109650945590975234e-04
3.273630000000000109e+03 4.529091032855539749e-05 6.724691861331190922e-05 1.121938732603244458e-04
3.396739999999999782e+03 4.542316360959847317e-05 6.763870534254769337e-05 1.132931277747564882e-04
3.524469999999999800e+03 4.550458327909018497e-05 6.795509835636823876e-05 1.142724612363217796e-04
3.657010000000000218e+03 4.558649823794930450e-05 6.827308064845457756e-05 1.152609367210255526e-04
3.794530000000000200e+03 4.562466005198475080e-05 6.852478094230817223e-05 1.161408953789096156e-04
3.937230000000000018e+03 4.559577985142060906e-05 6.867302604515035510e-05 1.168469286280189221e-04
4.085289999999999964e+03 4.556684854153528533e-05 6.882120508273161007e-05 1.175566506663726666e-04
4.238909999999999854e+03 4.551169203931234214e-05 6.892801080024344568e-05 1.181957303690842385e-04
4.398319999999999709e+03 4.538172107859480853e-05 6.891561861803915923e-05 1.186229278990317301e-04
4.563720000000000255e+03 4.525204286929616605e-05 6.890272956743517709e-05 1.190514821201151343e-04
4.735329999999999927e+03 4.511042726728565935e-05 6.887000392555200478e-05 1.194439701539780146e-04
4.913409999999999854e+03 4.488359331528419524e-05 6.869658543964433451e-05 1.195760844925224028e-04
5.098180000000000291e+03 4.465786280465012316e-05 6.852366020399074120e-05 1.197075661829378519e-04
5.289890000000000327e+03 4.443306098868855922e-05 6.835064012638998588e-05 1.198393502113680864e-04
5.488819999999999709e+03 4.412284044598893521e-05 6.803309716771176055e-05 1.196901207917021895e-04
5.695229999999999563e+03 4.381382769324466725e-05 6.771484668064311314e-05 1.195378812545715993e-04
5.909399999999999636e+03 4.350693869408125936e-05 6.739868061519328139e-05 1.193861673750695724e-04
6.131619999999999891e+03 4.313367172898114959e-05 6.696505318803632530e-05 1.189977146294669705e-04
6.362199999999999818e+03 4.275212390651216639e-05 6.651465824166928132e-05 1.185707287300928554e-04
6.601449999999999818e+03 4.237397139731317587e-05 6.606704609436664843e-05 1.181448893273634459e-04
6.849699999999999818e+03 4.194797040872175924e-05 6.553267856194209108e-05 1.175359316433342480e-04
7.107279999999999745e+03 4.150658673727429770e-05 6.496791165106438907e-05 1.168579594752894714e-04
7.374550000000000182e+03 4.106993748328824036e-05 6.440810397631472446e-05 1.161844181965391903e-04
7.651869999999999891e+03 4.060203257264538850e-05 6.378830880365728010e-05 1.153759140941915606e-04
7.939619999999999891e+03 4.011444216567374734e-05 6.312903536394762183e-05 1.144769461645522444e-04
8.238190000000000509e+03 3.963278326109647407e-05 6.247660639965316404e-05 1.135839108803125423e-04
8.547979999999999563e+03 3.913240447145013845e-05 6.178626860832379659e-05 1.126009165505012933e-04
8.869430000000000291e+03 3.860928790648901645e-05 6.105015937910291248e-05 1.115104091901772604e-04
9.202969999999999345e+03 3.809323422294333682e-05 6.032279180778896203e-05 1.104303270826832018e-04
9.549040000000000873e+03 3.757003442275726185e-05 5.957765216070749927e-05 1.093010713062787147e-04
9.908139999999999418e+03 3.702443565127008047e-05 5.878584885767368698e-05 1.080570173231576100e-04
1.028070000000000073e+04 3.648642018149272459e-05 5.800409141891135664e-05 1.068262667401950056e-04
1.066729999999999927e+04 3.594952662631595102e-05 5.721970396587670985e-05 1.055794904880454158e-04
1.106850000000000000e+04 3.538956695506776225e-05 5.638747288224951282e-05 1.042142055400471155e-04
1.148470000000000073e+04 3.483781898779792700e-05 5.556634332934237599e-05 1.028647903137341028e-04
1.191660000000000036e+04 3.429357170050406764e-05 5.475493795189529517e-05 1.015270363519862868e-04
1.236470000000000073e+04 3.372931995889613091e-05 5.389945670114596317e-05 1.000756298967298344e-04
1.282970000000000073e+04 3.317439505971456751e-05 5.305796798950652727e-05 9.864577608564652797e-05
1.331220000000000073e+04 3.262895711084453179e-05 5.222979935943619146e-05 9.723670668462734939e-05
1.381279999999999927e+04 3.206821780491449708e-05 5.136763709806998335e-05 9.573820219315665105e-05
1.433220000000000073e+04 3.151502053129979022e-05 5.051546005564291398e-05 9.425234675646278182e-05
1.487120000000000073e+04 3.097157767146835084e-05 4.967796326477450994e-05 9.279079418547644053e-05
1.543039999999999964e+04 3.042181514769621518e-05 4.882321718867796141e-05 9.127598075603765820e-05
1.601060000000000036e+04 2.987742758670176545e-05 4.797411896345353424e-05 8.976496506525922267e-05
1.661270000000000073e+04 2.934308563656474428e-05 4.714017548058967356e-05 8.827955017434107557e-05
1.723740000000000146e+04 2.880719506485118761e-05 4.629908670664607280e-05 8.676639209094210033e-05
1.788570000000000073e+04 2.827551737915591187e-05 4.546173299109918371e-05 8.525211004361967317e-05
1.855829999999999927e+04 2.775337684999335650e-05 4.463916707797626157e-05 8.376346563377981536e-05
1.925609999999999854e+04 2.723412407179887619e-05 4.381774979814393990e-05 8.226716779327360965e-05
1.998029999999999927e+04 2.671886918731728185e-05 4.299960984975045126e-05 8.076798756442592805e-05
2.073159999999999854e+04 2.621297750004785367e-05 4.219615832606623369e-05 7.929441769638105380e-05
2.151120000000000073e+04 2.571279583368266296e-05 4.139983728998779846e-05 7.782907218422152097e-05
2.232020000000000073e+04 2.521570217596019717e-05 4.060555395211461573e-05 7.635892126858861387e-05
2.315950000000000000e+04 2.472790179077619384e-05 3.982616048185533817e-05 7.491565420200918491e-05
2.403040000000000146e+04 2.424773696396310811e-05 3.905784316776371987e-05 7.348988332669473549e-05
2.493409999999999854e+04 2.377096215331941714e-05 3.829208144897507229e-05 7.206076630674810289e-05
2.587170000000000073e+04 2.330338604225043665e-05 3.754118368057595605e-05 7.065887669522437841e-05
2.684459999999999854e+04 2.284444695103083616e-05 3.680358506802062856e-05 6.928104736790009191e-05
2.785409999999999854e+04 2.238855996156724034e-05 3.606871520619381663e-05 6.790078571380396620e-05
2.890159999999999854e+04 2.194199134607480899e-05 3.534864471108195967e-05 6.654827573525625632e-05
2.998840000000000146e+04 2.150408644018091312e-05 3.464259402492702385e-05 6.522234447096896795e-05
3.111620000000000073e+04 2.107031415536496393e-05 3.394118944889522343e-05 6.389869798482081026e-05
3.228629999999999927e+04 2.064506149078186031e-05 3.325348745315173779e-05 6.260064576682245223e-05
3.350040000000000146e+04 2.022849728346968565e-05 3.257979823498637106e-05 6.132906414936657280e-05
3.476019999999999709e+04 1.981675368842984072e-05 3.191292152448753903e-05 6.006641562406105718e-05
3.606730000000000291e+04 1.941290227790543226e-05 3.125823669496967941e-05 5.882635547230766524e-05
3.742369999999999709e+04 1.901737531223389845e-05 3.061727209326115234e-05 5.761251603850040014e-05
3.883100000000000000e+04 1.862765506430738997e-05 2.998498742393738073e-05 5.641240142640235373e-05
4.029119999999999709e+04 1.824505610757290867e-05 2.936385779851794688e-05 5.523267033059432523e-05
4.180640000000000146e+04 1.787037902353472244e-05 2.875564960508352578e-05 5.407780126509874270e-05
4.337850000000000000e+04 1.750197993977367191e-05 2.815721846244328687e-05 5.293986776102396226e-05
4.500980000000000291e+04 1.714019851364649856e-05 2.756923984718248272e-05 5.182099695471881380e-05
4.670230000000000291e+04 1.678576234096268137e-05 2.699337540709205387e-05 5.072529124707605725e-05
4.845859999999999854e+04 1.643799167298594494e-05 2.642809035856888197e-05 4.964925812897790771e-05
5.028090000000000146e+04 1.609639059862045729e-05 2.587254035563986394e-05 4.859043263917569937e-05
5.217169999999999709e+04 1.576191116723400321e-05 2.532861666633742166e-05 4.755432367660540795e-05
5.413359999999999854e+04 1.543390427067600109e-05 2.479527919938675698e-05 4.653831940157008705e-05
5.616930000000000291e+04 1.511173961997448972e-05 2.427114725078097083e-05 4.553883713083917324e-05
5.828150000000000000e+04 1.479628591325162145e-05 2.375802596343122919e-05 4.456071961754576918e-05
6.047319999999999709e+04 1.448727935703641369e-05 2.325548684993574227e-05 4.360280828304849773e-05
6.274730000000000291e+04 1.418383923975306669e-05 2.276170695677322031e-05 4.266092881771206156e-05
6.510690000000000146e+04 1.388673220378930976e-05 2.227841090356502124e-05 4.173940094302799300e-05
6.755530000000000291e+04 1.359580281244001832e-05 2.180536373174781436e-05 4.083767179636594121e-05
7.009569999999999709e+04 1.331018056352797931e-05 2.134073801996204015e-05 3.995126480169245234e-05
7.273169999999999709e+04 1.303064684899426498e-05 2.088597864224409694e-05 3.908419483386861652e-05
7.546669999999999709e+04 1.275689247133643482e-05 2.044092217624795556e-05 3.823577967140100441e-05
7.830469999999999709e+04 1.248828267015164554e-05 2.000420522988844614e-05 3.740307410658673306e-05
8.124930000000000291e+04 1.222534097216321271e-05 1.957664176059473971e-05 3.658797709467529819e-05
8.430469999999999709e+04 1.196791869750971284e-05 1.915821701233854477e-05 3.579075195477229458e-05
8.747500000000000000e+04 1.171553705135583064e-05 1.874803542910582024e-05 3.500910396442058524e-05
9.076450000000000000e+04 1.146836966209398977e-05 1.834632858067592967e-05 3.424392761836635369e-05
9.417769999999999709e+04 1.122642578761713999e-05 1.795325247421899348e-05 3.349544077800638986e-05
9.771919999999999709e+04 1.098933294961017454e-05 1.756819680842308963e-05 3.276202133114430507e-05
1.013940000000000000e+05 1.075713115582288354e-05 1.719106802360377036e-05 3.204410236307905926e-05
1.052070000000000000e+05 1.052985084833191682e-05 1.682209447704796623e-05 3.134195611234029801e-05
1.091630000000000000e+05 1.030715064507798693e-05 1.646062133261285744e-05 3.065431626284908834e-05
1.132680000000000000e+05 1.008907907905799689e-05 1.610671535767840563e-05 2.998108276131309516e-05
1.175280000000000000e+05 9.875735935114817612e-06 1.576060824099106302e-05 2.932312525531483147e-05
1.219470000000000000e+05 9.666629250693580994e-06 1.542144306865610517e-05 2.867856774799815988e-05
1.265330000000000000e+05 9.461925311175794920e-06 1.508951827464999881e-05 2.804788643221803085e-05
1.312910000000000000e+05 9.261506568428166974e-06 1.476465580785030223e-05 2.743078227398989562e-05
1.362290000000000000e+05 9.065443623832734196e-06 1.444691822637810996e-05 2.682759429694016684e-05
1.413520000000000000e+05 8.873312990748957681e-06 1.413567238526258458e-05 2.623678077264633888e-05
1.466670000000000000e+05 8.685189031870732079e-06 1.383098627436721439e-05 2.565876738542514324e-05
1.521830000000000000e+05 8.501168002892675100e-06 1.353303645064490351e-05 2.509384202829287072e-05
1.579050000000000000e+05 8.320806836410848928e-06 1.324105825368234542e-05 2.454034225786465355e-05
1.638430000000000000e+05 8.144344645935725930e-06 1.295552532745629152e-05 2.399929323964986619e-05
1.700050000000000000e+05 7.971676204131248521e-06 1.267624484992718707e-05 2.347040464850912495e-05
1.763980000000000000e+05 7.802550430186417998e-06 1.240277327240469508e-05 2.295253181677320582e-05
1.830310000000000000e+05 7.636967841647282696e-06 1.213506645576206797e-05 2.244602606753742262e-05
1.899140000000000000e+05 7.474934670010266866e-06 1.187328546855982664e-05 2.195076808178013906e-05
1.970560000000000000e+05 7.316291537015056699e-06 1.161702231566858731e-05 2.146626375802953077e-05
2.044660000000000000e+05 7.160998564496938989e-06 1.136621552609259797e-05 2.099228391532642442e-05
2.121550000000000000e+05 7.008996108253981141e-06 1.112084918028957473e-05 2.052882024286677582e-05
2.201330000000000000e+05 6.860194175458164064e-06 1.088072564995950118e-05 2.007543242102926485e-05
2.284110000000000000e+05 6.714537709225425258e-06 1.064579168093686851e-05 1.963198240776028709e-05
2.370010000000000000e+05 6.572011014212167635e-06 1.041589769841396067e-05 1.919842515618763479e-05
2.459130000000000000e+05 6.432450897090717125e-06 1.019096272337439948e-05 1.877422417619568345e-05
2.551610000000000000e+05 6.295874156468540506e-06 9.970846394358733541e-06 1.835947337721402958e-05
2.647560000000000000e+05 6.162164053712447031e-06 9.755462852113389285e-06 1.795377600885028318e-05
2.747120000000000000e+05 6.031293195134354831e-06 9.544721163166829144e-06 1.755699059641072202e-05
2.850430000000000000e+05 5.903232073609779293e-06 9.338563038250350548e-06 1.716902535219052219e-05
2.957620000000000000e+05 5.777859849602752588e-06 9.136815523978692366e-06 1.678955756514735690e-05
3.068840000000000000e+05 5.655135711392179557e-06 8.939430630397548832e-06 1.641840186856632517e-05
3.184240000000000000e+05 5.535009103698648907e-06 8.746267457631565150e-06 1.605545262579461034e-05
3.303990000000000000e+05 5.417479674148451812e-06 8.557337031280403029e-06 1.570060720685442009e-05
3.428230000000000000e+05 5.302387566758979896e-06 8.372427170518850634e-06 1.535347142084322948e-05
3.557150000000000000e+05 5.189775311220291848e-06 8.191529832045465397e-06 1.501406901244876800e-05
3.690920000000000000e+05 5.079556411018240850e-06 8.014567815334137690e-06 1.468219025556968696e-05
3.829710000000000000e+05 4.971643993938021009e-06 7.841385105809083831e-06 1.435755248247490149e-05
3.973730000000000000e+05 4.866056223395954871e-06 7.671985123440155498e-06 1.404017458718131512e-05
4.123160000000000000e+05 4.762702416175103337e-06 7.506213169782038455e-06 1.372978358608284045e-05
4.278210000000000000e+05 4.661551276247205128e-06 7.344017339295397462e-06 1.342622548070845199e-05
4.439100000000000000e+05 4.562556850104915316e-06 7.185373130349515861e-06 1.312944903658059072e-05
4.606030000000000000e+05 4.465636975932003953e-06 7.030135050258948687e-06 1.283920434855100672e-05
4.779240000000000000e+05 4.370814791738429469e-06 6.878254099250993973e-06 1.255537297328237643e-05
4.958960000000000000e+05 4.277975304001039039e-06 6.729639021869818031e-06 1.227780947441116404e-05
5.145440000000000000e+05 4.187113624853962928e-06 6.584279734447340304e-06 1.200637244899303172e-05
5.338940000000000000e+05 4.098201653634730026e-06 6.442025332206269777e-06 1.174100751492578144e-05
5.539710000000000000e+05 4.011168329394845697e-06 6.302887037398886158e-06 1.148147609799969211e-05
5.748030000000000000e+05 3.925990567349713180e-06 6.166706390727018823e-06 1.122766288391491864e-05
5.964180000000000000e+05 3.842611055279630389e-06 6.033503029790688102e-06 1.097951148122429359e-05
6.188470000000000000e+05 3.761026230292494173e-06 5.903193761325343872e-06 1.073686412636802581e-05
6.421190000000000000e+05 3.681165067686304237e-06 5.775699575022121400e-06 1.049957770454698829e-05
6.662650000000000000e+05 3.602995082897007690e-06 5.650938971674606251e-06 1.026748506117469321e-05
6.913200000000000000e+05 3.526493100691240709e-06 5.528892386624977150e-06 1.004059648328692744e-05
7.173170000000000000e+05 3.451620555097877451e-06 5.409493092524642441e-06 9.818721070959570693e-06
7.442920000000000000e+05 3.378349551896373231e-06 5.292672689120744214e-06 9.601680726826403964e-06
7.722810000000000000e+05 3.306623256514786713e-06 5.178381154026415863e-06 9.389544535243532066e-06
8.013230000000000000e+05 3.236429313715365037e-06 5.066563678246108462e-06 9.182097236831358885e-06
8.314570000000000000e+05 3.167728417966040473e-06 4.957167533033302387e-06 8.979224506593601641e-06
8.627240000000000000e+05 3.100484145361037823e-06 4.850132491747356404e-06 8.780841373434454113e-06
8.951660000000000000e+05 3.034671303323814889e-06 4.745419441067013887e-06 8.586848651781310896e-06
9.288290000000000000e+05 2.970262480901367589e-06 4.642975443512127365e-06 8.397163793702021854e-06
9.637580000000000000e+05 2.907214164539302080e-06 4.542738330479518543e-06 8.211665608158199762e-06
1.000000000000000000e+06 2.845518157560999891e-06 4.444676793916783543e-06 8.030298007946030855e-06
